# 256
36971.3
24181.1
1148.76
7920.01
1071.41
4035.91
675.79
2899.76
866.435
3152.92
877.563
1506.23
449.619
2215.86
1405.72
671.374
1558.03
1836.69
431.488
1122.82
112.573
1207.76
914.872
389.647
579.013
109.996
1001.76
921.096
849.822
1575.93
992.043
484.484
727.224
1472.8
1329.71
1596.31
2045.48
1017.21
1953.52
2879.99
2084.78
155.723
2247.68
2308.29
440.065
1157.04
243.688
1170.24
1650.67
2914.56
1591.27
1000.75
1376
703.11
949.776
1807.25
1608.91
547.01
1331.47
1036.42
924.365
1556.45
2238.91
2293.57
1473.66
2182.42
2882.94
2085.79
1347.37
833.737
914
326.788
1477.48
1764.09
963.113
1233.28
1082.49
1082.86
258.19
926.027
492.882
1204.54
1273.48
650.08
1143.35
1331.66
386.474
1291.02
1440.69
736.814
1281.76
1713.54
1307.12
1119.64
1141.54
580.335
413.081
1046.76
841.533
723.85
1396.3
1451.32
783.835
286.555
450.753
720.952
529.456
243.592
772.544
1437.16
1355.71
1095.14
740.78
939.901
1245.94
330.798
970.141
1307.24
1020.52
1279.16
800.826
620.425
1511.43
1415.37
360.798
643.825
1029.99
1558
1289.47
1058.65
1604.16
1102.96
489.296
1875.55
2396.48
1307.93
293.529
757.05
1365.92
790.323
523.819
444.468
402.671
589.103
1338.08
1033.24
777.339
406.148
1502.69
2834.67
2650.89
766.434
1656.43
2197.9
1000.1
1455.31
1127.88
935.544
649.022
1164.68
1877.1
2095.84
1671.07
761.282
139.179
1042.75
1172.32
640.093
1118.64
1171
982.301
488.364
2271.73
2141.65
237.723
1295.02
1590.69
1483.11
1113.87
418.703
2148.7
2551.69
1520.54
1930
1892.02
1294.1
1954.54
1369.49
1098.6
626.949
1056.49
1423.63
1838.78
2940.86
2120.05
692.881
1055.42
1175.22
1312.58
1553.12
684.829
1861.22
1770.86
1176.79
1181.16
1101.35
1375.75
810.124
737.41
1388.43
1453.88
945.815
353.273
430.071
663.766
846.64
331.363
1000.31
682.224
813.711
1107.69
488.785
528.198
812.608
1213.65
1548.06
1200.3
388.858
361.899
983.736
1642.69
1298.94
428.725
380.337
1251.63
1102
897.245
2007.25
1437.39
378.849
1170.26
491.514
1051.59
2310.08
2279.53
625.586
1409.96
1626.85
1067.1
906.695
211.413
634.57
723.217
1783.58
1925.1
1634.29
