# 2048
-5.671456967412723 0.2805101181619474
-1.3538541443874115 1.0376059540315081
-1.3655006261180782 -3.2718848517230414
-6.956887406126301 -3.8180105433817504
-9.627636906204993 2.7061188331797856
-3.930776065379648 8.696120635406398
4.057681725819112 6.687219798978477
5.396218361152767 0.3487844497122983
1.1853704478245217 -1.0597672549526345
0.43826505996246823 3.5195604142210613
6.162044131051419 5.581591858933887
10.601097396585267 0.15871365792797243
6.852419435646061 -6.327437669400707
-0.5585050298760375 -5.35008535049941
-2.0816024190008737 1.1397699864788398
2.971205203229268 3.687693343102525
5.809410163171602 -0.5692794126622415
1.6920511953298032 -3.8158842402510675
-2.7576024419147367 0.3962183812742186
0.5013855633159858 7.089892002113288
8.618149807256863 6.983768718109081
11.71041754948774 0.20804550073246952
7.216044772981784 -3.931120021493407
3.293732887887666 -0.8093425409498258
6.223966898945883 2.804063330983718
10.77108781662048 -0.7580253357852227
8.04094436211167 -8.143927049324333
-0.9197266347719104 -9.622824308449683
-6.239864556314489 -3.42628169428513
-3.4954660155095363 1.6804489095900808
0.17623633366396874 -0.5260363730832431
-2.766752457028289 -4.596683769988356
-8.640951475724682 -1.9152919005871922
-7.960742974526104 5.952995070868829
0.1722357418461482 9.189110934514389
6.340216331272941 4.1437703977041425
4.442845916023769 -1.3249635411766958
0.34236487454482845 0.38035677716772076
2.612779857152927 5.352068989250516
9.327700212454145 4.31945303349881
10.786956561074685 -3.0608120019169345
4.151005684904842 -7.288622795538035
-1.995105449053498 -2.9666879361636256
-0.09565258886393435 3.246649403572246
5.482610126214444 2.6144812416566277
5.396512308277835 -2.711407212588063
-0.3593784345313349 -3.17853870265725
-2.3182139094636196 3.4728329234376423
4.14800077716751 8.429006180445771
11.55361318565735 4.720677966738985
11.070702791875362 -2.4634398966421127
5.298696253373155 -3.5381165833920507
3.9458945984350144 1.255103442260372
8.951215667387087 2.4881385337184856
11.4369412567604 -3.9238143021918828
5.133701888262407 -10.167849740136834
-3.862287185222555 -7.902120820044349
-5.727267487787307 -0.5807227498730767
-1.1019315347241845 1.74256895847396
0.37294749345223543 -2.634140259138027
-5.0724349682068794 -4.768846375953312
-9.439138634306621 1.1278099670337958
-4.960838620202837 8.563090399199734
3.9827057447876837 8.108842483020066
6.989078035271744 1.3012809884872945
2.724172888951098 -1.7337612070268271
0.42720489384807525 2.606045007649594
5.624734596726742 6.203185698065953
11.551926550792958 1.7311675115443552
9.232694886394993 -5.942979153167673
1.1287809063133238 -6.677699684249648
-2.18080424168749 -0.023120652513856754
2.577228561212486 4.182365413253051
6.8926477062094955 0.5042169821417241
3.605366403481848 -4.126777721111164
-2.1113020583559594 -1.123479758419744
-0.47451353138621766 6.480947720658636
8.023134211666775 8.20676335905647
12.949868364398153 1.6014257606600908
9.102662756826517 -4.153870150795219
3.8506418672118734 -1.9362222495760908
5.693040017261774 2.8422327505268683
11.252276621624777 0.6842152092684124
10.294024137350641 -7.322921520668686
1.2943017674774044 -10.719679487024772
-5.839868141140044 -5.06743043194705
-4.091455667841612 1.5105431565347471
0.6798840126355721 0.4663253850525648
-0.9961215472743747 -4.5360585426559945
-7.638034136025809 -3.435092013327722
-8.881390441302877 4.70828240455527
-1.139124923803936 9.854675698602312
6.661850303151839 5.699465066810501
5.979200074230718 -1.0439949496754348
0.9506490371216669 -0.7218566998925309
1.7086340365831445 4.91049210885673
8.796076233846081 5.586076506301988
12.141121342407189 -1.6900762672429144
6.202120724172679 -7.725164368401945
-1.4425643908533057 -4.585383922080176
-1.041365682792506 2.683602753845354
5.155577326489839 3.641086746954645
6.687485961143991 -2.00611271843909
0.9050449772946889 -4.208391220823762
-2.8839124691284117 1.9907291102354177
2.5596857445082932 8.60912145912302
11.24343446919928 6.35873154507556
12.478264622210071 -1.6012129505603703
6.426180884026179 -4.409164370354212
3.4160358521878447 0.34142270772335326
8.101898984948566 3.254475355852951
12.296382292616086 -2.391561515230647
7.3096072293107 -10.11645131259334
-2.6972923687135664 -9.569931427201325
-6.455891337726538 -1.8277262461526007
-1.9384309380439808 2.2684575713218376
1.1244525702010817 -1.7335605515575854
-3.719374115406078 -5.460951780552389
-9.676180481212068 -0.6501694287092605
-6.846794333947006 7.999168421256046
2.7010229180851297 9.445835055410956
7.602778267390237 2.5842168008447346
3.7252881023701208 -2.2011212450028173
-0.1460021708577619 1.4396993545076393
4.061676422230629 6.484497919674948
11.269291737874944 3.394799378927683
10.746722332915208 -5.155783078618752
2.351525220950042 -7.879129304621163
-2.9022890543755495 -1.517852431937318
1.0851548796889834 4.380347155109531
6.79754857142347 1.7417841075900893
4.7691103899279685 -4.09430984891091
-1.9357041201850556 -2.684664973810583
-2.2338594434753287 5.451885654819449
6.183095552591511 9.20747610790499
13.002016818138202 3.2600185758652995
10.272773307319719 -4.051184712485215
3.85462495065528 -3.1784316357255946
4.213446870768611 2.5020986648457546
10.426111948014636 2.0730719251015453
11.467775933137457 -6.120881224416031
2.917718901010342 -11.543843265377875
-5.999113040128999 -6.933653070627016
-5.70868297095772 0.96062718402335
-0.09415387771333883 1.4817326397936696
-0.17033568684136835 -4.114694939861484
-7.167276911405486 -4.845917301715195
-10.480177044437864 3.097347121727219
-3.639115544143952 10.166067484067296
5.660910785626596 7.389205940129175
6.615387708676604 -0.383954433720878
0.9875862943699798 -1.794322632797583
-0.03483289052205052 4.097518699710957
6.961221000280187 6.648406844689549
12.236521574828332 -0.02533193565621772
7.495256889677075 -7.7808062022398135
-1.426674687980805 -6.28219680488444
-2.9014316608507977 1.7158119455858225
3.512186144767837 4.5450975532527895
6.841473981525158 -0.971340659730328
1.5189486289711955 -4.980642210359176
-4.050473914737994 0.2665649477834675
-0.11143323914192926 8.365963919011394
9.538900575935298 7.988487963350838
12.800300088476636 -0.34626587173242385
6.921875435947203 -5.086298177977321
2.166375112543827 -0.8612157496517082
6.037451378208577 3.7069472613587484
11.793370054975043 -0.6888664560855333
8.564616302641197 -9.622073898269495
-2.063114631186758 -11.147166600951632
-7.942511045529198 -3.444626122284264
-4.021845986222773 2.530805908604375
0.620850632263731 -0.6010460052278157
-3.135440658308945 -5.798714183812649
-10.439876521580816 -2.5240656557017367
-9.641084738791289 6.983662890286453
0.05771249085614927 10.60558017707892
6.991911129689001 4.1927412290334765
4.0099873254941665 -2.3510456416075822
-1.3269739289980276 0.10153794166507657
1.4361095212195343 6.376753045923421
9.596936087535822 5.067421748799344
11.179802718408606 -3.932682842688022
2.996608318312104 -8.828167718740266
-4.2380644423929095 -3.2859378318963097
-1.5260763128129828 4.21373006247012
5.379587705059722 3.080241077012761
5.018662821052127 -3.653213188813931
-2.2694274479490315 -4.1637953780768875
-4.720389913851118 4.025046753777149
3.0864306969507704 9.897688380081691
11.736552760673472 5.140670748314525
10.614654868613105 -3.533294768557373
3.3319745739707702 -4.424657712383993
1.8715934037780153 1.7734262068586122
8.280724798588025 3.317471238621729
11.451551292683561 -4.545519053990799
3.900435264380694 -11.978360657539739
-6.626173142880981 -8.927683645756494
-8.23290262492157 -0.005980242655573953
-2.1490143532186936 2.436405825294141
-0.36093964273186785 -3.306216659014095
-7.203767282667513 -6.020325293227912
-12.602887986992874 1.1860324454900038
-7.193811056083596 10.05519405959812
3.3425519204031238 9.13818370944923
6.322952981543471 0.7103756606686114
0.547131823783364 -2.7102435233521125
-2.4187359719817794 2.945920111964592
3.961944307742039 7.4216333421252285
11.087367826581541 1.885776365674641
8.053899064519117 -7.364860208012121
-1.782282761652254 -7.93290896185408
-5.43644254336439 0.3466226246767006
0.7000053398989439 5.236148358065465
5.8988550697101925 0.37650505462361283
1.5742354414140736 -5.3817778418882805
-5.5801450321910755 -1.5968663253923867
-3.594405001121283 7.664967524810934
6.592476657966733 9.51589557764027
12.107234765855575 1.314312934296222
6.94406525846437 -5.443781764052922
0.4913151219681202 -2.2774813728649734
3.04226882168512 3.7836467433984677
10.081216853924643 1.105894748813435
9.007570189004536 -8.63186080057838
-1.7299101719943968 -12.497116106199828
-9.839708041494355 -5.383161157604677
-7.054380443676459 2.4500461994943024
-0.9696870893209422 0.7083079171071653
-3.1545423986165453 -5.697830881022073
-11.422595187211341 -4.366006757241151
-12.951268411524985 5.524529720733714
-3.6431611104458392 11.490502767982186
5.341680191277119 6.095301845666629
3.8024737368050396 -2.0770204021180865
-2.743289977879226 -1.2990944864267338
-1.835030423254722 5.852980213980778
6.83518490012985 6.652370918285438
10.739582404801844 -2.2668252957111066
3.3532240868324914 -9.394621535343877
-5.7535862261448045 -5.237986712382147
-4.818887167510388 3.6284938594922105
2.944445603919719 4.434691474438618
4.602984987875511 -2.7608177828634575
-2.7476622480070825 -5.424854928161571
-7.443138157046608 2.253408719535713
-0.8184201176301382 10.19339319575263
9.463889675755016 7.172613633936688
10.421447803999794 -2.527887168118256
2.7143341106474876 -5.544459383931498
-0.8056600244098258 0.6728349431130929
5.260515465189999 4.3200398264635895
10.562295310282423 -2.635439782012188
4.588268765538815 -11.916406047359843
-7.222359357162572 -10.927463105799967
-11.106753862450141 -1.404615232933681
-5.039824186313807 3.2310680619049554
-1.2266742296710689 -2.114839788445192
-7.334064558626937 -6.8322447352897395
-14.68544723339333 -0.931680727247346
-11.226342438888619 9.467234272073284
0.14796005509815213 10.84744344046109
5.4706190195640065 2.2658360025045
0.10553847582549192 -3.336221282297191
-4.832907757165118 1.5164015486376323
0.3750746598750312 7.824113687986055
9.127375229801327 3.964698071035904
8.282036290572048 -6.4099687605754125
-1.9676745884831885 -9.398821877024652
-7.99634610053885 -1.394930578098356
-2.7048473907058925 5.61715100788228
4.300188129397301 1.986726736092693
1.5276487310302 -5.31402656704814
-6.862817408983395 -3.475809928488844
-7.210070533429009 6.491982757552852
2.971765977591007 10.829869674596036
10.848532746967894 3.357803496044073
7.001301897040872 -5.3636817448117675
-0.9465829417144107 -3.8076818948562856
-0.19735565100800478 3.4348441323641437
7.7098654373919615 2.887871908348338
9.103162546302354 -7.126769111526034
-1.13148360371981 -13.481943963075363
-11.4370075962198 -7.569207028153275
-10.346739346333694 1.9497271310243436
-3.1045511083055137 2.106243545274676
-3.2777521498222457 -5.10262653732363
-11.992166366111329 -6.038286756750992
-16.027460441467515 3.6539861836733563
-7.720080197917934 11.995597177030936
3.186852989224727 8.222202961736645
3.6374538376560275 -1.294669766127253
-3.7087851027205683 -2.636591619082264
-4.985599512532318 4.905255614311089
3.6425993749160748 8.034600013850337
9.955325351690004 -0.19149654170640906
3.9991672209809925 -9.461944983401832
-6.711195510567634 -7.2632898810970055
-8.017937201998137 2.582787802437827
0.1325933493678324 5.692690837679615
4.0638203500280214 -1.4127959767675473
-2.73665895353442 -6.3358926163787315
-9.617858839352795 0.21363136164880947
-4.759599103109936 10.013471964455647
6.8024681144917665 9.249381687337767
10.25020786641828 -0.9971815954321519
2.6843089667043536 -6.403037368115871
-3.009186615270278 -0.7607683985098801
2.1142237032214726 4.975353621927123
9.394260276277615 -0.4706860687304508
5.561933612272009 -11.279019637139658
-7.054985126146015 -12.798610683172335
-13.503608573936955 -3.2318444500911996
-8.04072190507475 3.748098751937828
-2.181633402655353 -0.5882120206672379
-6.936864284250628 -7.174469259302551
-15.944751141867663 -3.143397883401125
-14.905281147521428 8.359544949523382
-3.227571273882063 12.389390578237975
4.638214450048716 4.266108574088198
0.32184619489040833 -3.5487090066889824
-6.462814956234171 -0.10930510807609783
-2.986492435935584 7.776977474453431
7.012954684160881 6.095327009752157
8.760216441403932 -4.88834570190018
-1.281938035708703 -10.541450444499478
-9.74200785192231 -3.458343359424655
-5.912510260953066 5.583854979766167
2.674451179269477 3.765377659888072
1.9792604821674775 -4.712259951556146
-7.149912010232235 -5.237775545127625
-10.105745396124211 4.851467820960162
-0.5674953379554248 11.801114361902076
9.626052635108673 5.714648139140275
7.714012430899707 -4.752623148271796
-1.3654060993159236 -5.337141822780238
-2.8395960911816687 2.6229589050167976
5.387114248288696 4.5230848484779465
9.430482292908028 -5.134819644189923
0.38032252661727184 -13.978499768555352
-11.922972313351487 -9.909132539888338
-13.07497470376455 0.9575767841832779
-5.116996434552166 3.4667614411495817
-2.9293473719980314 -4.000760729940321
-11.461036045462109 -7.40734085603266
-18.035912219023018 1.4252010442696226
-11.38026691740004 12.009858214451452
1.1502120133400862 10.45884817967644
4.090076104454303 0.04276694300240802
-3.5058934773471697 -3.780584726074336
-7.183504800680687 3.5440622539630926
0.7613292730936636 9.081605036778654
9.405300606064072 2.2108224368163834
5.5174700736385045 -8.942729420024392
-6.363970539365662 -9.238378752057082
-10.301445381693288 1.0484364358857587
-2.3631824705707 6.713991976288102
3.9522398778463756 0.345768850424786
-1.6293422417337005 -6.783569103586284
-10.470465816977914 -1.9992159012102686
-7.9396377459930445 9.282716881673629
4.389034328722051 11.226847171908958
10.6280744580538 1.0494490331215491
3.8690301292077702 -6.874028432242691
-3.9585851836970676 -2.468234595000723
-0.4080072868089242 5.173593495167101
8.522427394524211 1.8231372399942645
7.333387521245489 -10.028687494364199
-5.473042311434925 -14.404771873166165
-14.644203927566924 -5.464545222767121
-10.451874977784826 3.855024655817891
-2.698400468000819 1.176247058226755
-5.495647827362673 -6.972306086827109
-15.701701925463798 -5.325564516857887
-17.464979137401265 6.705126852197678
-6.144794573686609 13.610393111596341
4.307416400593867 6.643318299960912
1.7174326338951507 -3.2468691612527847
-6.617857347302671 -1.8323256740621292
-5.39607552113372 7.209373022712683
5.310604430852989 8.12498486951058
9.930600981897054 -2.8219122888124755
0.8081533089009216 -11.233769121549514
-9.976718443734494 -5.772107665682942
-8.242142636258961 5.031079355507531
1.5244468257521024 5.574231788009985
3.3524375710450096 -3.5551690450491513
-5.8860054412878995 -6.750298500465135
-11.587784189803578 2.7693187867071054
-3.4033579215161325 12.288533567705056
8.877961886247258 8.265228091982616
9.490301931387505 -3.553230268290485
-0.19827487199407834 -6.741903610310701
-4.218644575641881 1.328155219174844
3.6585698351055633 5.854096005757358
10.36581800746334 -2.7365319768337053
3.2083347619110594 -13.889199983118974
-10.720318993374988 -12.29207122703258
-14.609224411236946 -0.5867981942997176
-6.533599563610947 4.630381422561537
-1.7746939460901299 -2.430472248690376
-9.415269647902747 -8.353079183445967
-18.392656902410216 -1.086327054253179
-14.043923339431153 11.425329787243601
-0.3716677670069455 12.648093561693152
5.45802261219773 1.9359509157546713
-1.7146358528596002 -4.602935388528294
-7.860650682592873 1.8031057258093834
-1.3012430356859968 9.652841909142307
9.406217300034879 4.808521472847275
8.179213398288557 -7.787737789412452
-4.28286760445416 -11.031035577174261
-11.125414345931473 -0.9812257814159708
-4.1092349940862345 7.339477743445538
4.522058059273887 2.4182023207685717
0.8392251505541566 -6.681776182511457
-9.56025219949434 -4.272127738821929
-9.851998294442122 7.942110265159269
2.5749514110012472 12.930924044919362
11.750123198133682 3.5513178694660192
6.527772115838271 -6.846817156950264
-3.2192713675488234 -4.366965580700808
-1.861786346736408 4.812364628477914
8.207140401000673 4.080631854414602
10.048562295147429 -8.175046857172077
-2.2150127092850846 -15.612800097045309
-14.10551426991214 -8.053116301810254
-11.8959311239286 3.4169804503185555
-2.5947691432986444 3.0348515434223478
-2.89046289775239 -6.1900203465884465
-13.682670638500273 -7.345687679967051
-18.504116707495868 4.502711886326949
-8.3051266624212 14.343003848398117
4.584010685818248 9.279184527760027
4.390648163007958 -2.3589033283145655
-5.024474007569205 -3.5354215446499815
-6.499501217739942 6.071156283882671
4.2248886901380365 9.875455356424768
11.828415080769759 -0.2834082053495437
4.390239097869381 -11.365553173675316
-8.428963085741133 -8.238797450017458
-9.39439366666474 3.867197106186125
0.967795355973414 7.239972794556387
5.634733937824635 -1.8681155117497381
-2.9779231077660473 -7.884294810077909
-11.39193082906781 0.3015449567442623
-5.3049174624916775 12.15463283124015
8.633061899090603 10.84676060711453
12.276780057196248 -1.7480421418134036
2.6480139342098656 -7.889342481244712
-4.100625992302152 -0.43960380758077644
2.6666064344564324 6.715261742747749
11.850389900557566 -0.06061166026078357
7.271373234074656 -13.146223536922019
-7.732419897229517 -14.587228549577556
-14.753467009203884 -2.7170606881775656
-7.298495170955907 5.418354000976858
0.060868937689216196 -0.47869298217348843
-5.9419065357956775 -8.77233236992002
-16.995990014361823 -3.7763300826280464
-15.56624284552682 10.154023708663118
-1.4154542119500682 14.602675076765333
7.556118843068439 4.339286551155537
1.5724985956017876 -4.9795204159877855
-6.929464352769411 -0.25050740410746686
-2.475529378461217 9.61767245606959
9.823445550333734 7.430842516463025
11.751727153829949 -5.987549809473651
-0.5578815366404188 -12.499615578552302
-10.422465720455484 -3.4776978536174266
-5.114310111870883 7.409141903997959
5.557123012576657 4.66353217958578
4.413909431403097 -5.973859057548216
-6.965828844915332 -6.470258617438893
-10.460547079307077 5.9655011289770234
1.263268880382256 14.174647268732587
13.323551899172159 6.401044743430306
10.388474105788074 -6.228411329963264
-0.8715230994470762 -6.343412241310537
-2.267176435225564 3.8155305280509517
8.251635269174603 6.1118255392620515
13.348146931546694 -5.772718887399852
2.4428029485135347 -16.29337086896702
-11.971327923059253 -10.910265856251776
-12.454971740877621 2.3167585764227683
-2.1559813799521734 4.810396139897465
0.47922100866345296 -4.830465746630856
-10.151697736036498 -9.060694742469547
-18.116197990203005 1.7915911249028438
-9.865121794014136 14.42624030628766
5.095554218353145 12.01492535276822
7.910340091235114 -0.8426930592855228
-1.9409735726968482 -5.078395920141509
-6.424053240058781 4.350775708008025
3.5067411938367052 11.162359343698231
13.998934377902842 2.610488246344026
9.01636995860132 -10.844154368090875
-5.348638534132054 -10.727048855058738
-9.537706849499662 2.034330721860381
0.6678568514545509 8.571761828518405
8.313548260617113 0.28101549976320644
1.1320944208153283 -8.51388614335809
-9.759539873606997 -2.4539794467401883
-6.495082422342188 11.28714442250392
8.463967053919198 13.26834322934388
15.512394232361123 0.6424182389902242
6.737337446818194 -8.636124263555278
-2.7384541219448604 -2.6252433690617676
2.1116190854979626 6.954628901198907
13.365072855299088 2.727984144555248
11.975768987437673 -11.711110727643304
-3.3806806960559355 -16.639202983403948
-13.77790969962021 -5.4216969026554995
-7.788113267438495 5.653768260476194
1.9873601124201379 1.7276521848224196
-1.6400407903500325 -8.578958337682232
-14.244591676313686 -6.503770920161818
-16.246350205189906 8.148870819940797
-2.4420615553616285 16.124564434438568
9.731378847076149 7.166536404881253
5.75691939280949 -4.789854375347643
-4.780654328502914 -2.504703694579689
-3.1145786846147185 8.87780045785194
10.103040260676659 9.884548243482802
15.532357017327072 -3.569665921841433
4.225925732829241 -13.491240135397193
-8.578275330742837 -6.362217521887486
-5.790126541564872 6.784948017207187
6.42530567793875 6.909932575486178
8.371107426089974 -4.631638607570624
-3.243107099948246 -8.432710083080089
-10.153719955514788 3.377964656874781
-0.027709605719364205 14.78038337045146
14.642492425601528 9.45451451992276
14.716579995478089 -4.943475803842154
2.5502666306538533 -8.245829065573126
-2.039854534567395 2.1541032386161927
8.089175304131418 7.72256440402624
16.461864743026013 -2.914875798158346
7.771868959020795 -16.321057462740704
-8.752115182376329 -13.900364155177854
-12.578350031422179 0.477331475610022
-2.0250605046758916 6.309851793834041
3.8068719138324694 -2.931723259200348
-5.808360441958101 -10.315912133271189
-16.789270109285273 -1.3341711664137694
-11.320915752346853 13.728726483777015
5.122351890451537 14.665606644197632
11.445120465358592 1.3151591527922681
1.96127913887528 -6.295062146065647
-5.657340836727054 2.0927139693971233
2.5920401601801086 11.817664467067974
15.64822276979931 5.709687400081192
13.848059230307491 -9.595116003773585
-1.3713572536972394 -13.065794486991466
-9.165950129578045 -0.4715735483517771
-0.005558749977962685 9.382016277795282
10.54490107200688 2.788545448061342
5.626364718752064 -8.517453960674317
-7.284574901452604 -5.348425356792225
-7.486739638179375 9.620942202083867
7.668806425588798 15.329046075726428
18.313623064351468 3.562887254577359
11.278643571952522 -8.82864075994236
-0.7010062960377468 -5.116053347811658
1.4371744552716592 6.4565307703542425
14.13153007751961 5.442580610717906
16.41530975860352 -9.574468736922192
1.5839155932818887 -18.26683161977993
-12.230002921342509 -8.6282487606362
-8.605366239943088 5.183674064842669
3.168851067952394 4.032201213625357
2.59239151571175 -7.705533106125019
-10.835068127400447 -9.087148466144907
-16.619861314943194 5.422300586115993
-4.111114254719894 17.025494417712824
11.097366820404458 10.297283539524205
9.959279405018364 -3.919731738887463
-2.0665663825447904 -4.795662640938659
-3.7681388616088034 7.387761929422784
9.515597562149251 11.971681640394994
18.59644461942768 -0.596004819751963
9.224917559180176 -13.844327329574803
-6.200603462098332 -9.495643123687138
-6.707345133060783 5.372192620969335
6.3388493347545705 8.96890123822959
11.778352045285793 -2.6562297719609367
0.8217056150565973 -9.973766124162216
-9.49899149398128 0.2692725634589239
-1.9029659708538 14.600944617549207
14.8628885399798 12.540927024657213
18.58456197656014 -2.9376326056686026
6.314823186807617 -9.883314228546478
-1.7308785451729598 -0.13744242990470334
7.060819575578418 8.734064599562885
18.49564324907378 0.27235794269404057
12.869267941675915 -15.579131148109589
-5.117767305527528 -16.835620485109068
-12.807955019682524 -2.119744933505676
-2.9103478930547135 7.341256900350292
6.1760310976985195 -0.5657431705280818
-1.5028401805133722 -10.950113339713464
-15.12860471125336 -4.718564853221698
-13.219363535985392 12.168245648421948
3.9027791685321938 17.03346616944423
14.068326359129667 4.096947243620339
5.889043470660173 -6.997420538591013
-4.7598128089232965 -0.5920253995705114
0.9038259543721834 11.709109225743148
15.959106604897038 8.839676747976801
17.966967773053646 -7.5675681650417825
2.778321149481372 -15.046584328346452
-8.800852412497989 -3.587293611709043
-1.6618942998758954 9.504484042332159
11.477614830972014 5.519389648929126
9.626344415098453 -7.784912330608382
-4.611569540599094 -8.181564998100747
-8.775258804996582 7.153859334275596
5.59606119416068 16.833494219896767
19.804477522794066 6.923211263850204
15.443027887210217 -8.310997130348166
1.4341158252787771 -7.73803100469517
0.14701673773065949 5.158712488651041
13.445614849183933 7.886748005457653
19.704609208048247 -6.760320283681099
6.399196291884834 -19.27073895467876
-10.622116019436913 -12.196316887981329
-10.254011044047598 3.896359174082077
2.8630913414001125 6.256786170140559
5.89305589132912 -6.111051209560543
-7.443027420158103 -11.310388419820127
-17.14149542795657 2.0564356531654724
-6.947805534684946 17.143183819526993
10.87764334984246 13.579831920202682
13.353081515747741 -2.2712575030633166
0.6178906596080012 -6.911177893161369
-4.860342061251247 5.16763752110888
7.495323435957909 13.50339505733399
20.142000069114225 2.8351277242201145
13.667943767767127 -13.399816690582323
-3.8003574085085408 -12.678692104762622
-8.268819208955277 3.133824902682884
4.697335527143441 10.64562948017047
13.837629541908358 -0.0844570876821096
4.539336092186861 -10.893950685089447
-8.924115881171566 -3.202858400281979
-4.760256185721976 13.534439696338119
13.34716430926261 15.46888752684737
21.21158869810587 -0.18761307174623187
9.81658345502369 -11.03553326764143
-1.7080784240328342 -2.954626384151295
4.748622544050319 8.996920096287724
18.775483234778022 3.6310909689975466
16.991563969402765 -13.972518095115941
-1.5802318740194687 -19.4834900741813
-13.459937039588242 -5.425006113288205
-5.251174964231634 7.725626043076656
6.900736967401499 2.157860973232902
2.090355931473322 -10.809969296033188
-13.54477437034371 -8.147875326099397
-15.840345362236848 9.723082889907044
0.9669528686973909 18.91659734956712
15.09251506781851 7.445362790430253
9.244629700355802 -6.990316628078819
-4.058232198507114 -3.5266615568905495
-1.8311252279381893 10.752356653112475
14.422010546709348 11.80592852979341
20.701017494793692 -4.746870716469688
6.594478119385366 -16.437225083847004
-8.690882580577911 -7.179596919280731
-4.575389822323663 8.805948572191417
10.57884594945203 8.306615286747219
12.508179777263106 -6.2334304233232
-2.138394361193258 -10.7131604857634
-10.542693268808206 3.9525878598615996
1.9556700607563977 17.60186031303741
19.4342855306689 10.592833061899512
18.66702174528063 -6.942609440035029
3.3673638681229274 -10.264200349980406
-1.9045098176005943 3.0605397334405353
10.983464917148103 9.861238784682232
21.286599408378578 -3.336612032866054
10.581412389248374 -19.451525225662717
-9.155202943193261 -15.922314851817648
-12.85402746759025 1.73080605277619
0.7205276323786256 8.204322285061554
7.7300004254281305 -3.795771579608271
-4.448047121011619 -12.940166778520277
-17.918919686367147 -1.797875856703171
-11.064683024761104 16.35084270640054
8.695547745271202 16.829348144280374
15.444723616295338 0.21890079329961853
2.9953219037417727 -8.605925243360886
-6.433412615341004 2.305502612059596
3.9108293645791656 14.308052459445111
19.767851566715187 6.581981024932372
17.119858471804548 -12.021692915484111
-1.5465979601534672 -15.664202627345901
-10.46308360648364 0.09562656926316437
1.3495847803493062 11.744433055481373
14.149454763163222 2.9990290857774804
7.563119240829911 -11.001348276657376
-8.486943850015294 -6.8212653682273
-8.553375579980402 11.531247088144301
9.915567622708114 18.02808393661509
22.211348673300257 3.2820695342676527
12.802794430578919 -11.473448387722225
-1.9401637270265617 -6.1275119834650225
1.2022794730261914 8.398520814208627
17.086237481793788 6.968646104853723
19.784324269837562 -11.448233015915367
1.714611553889763 -21.58553648606065
-14.42265289949841 -9.321864878276958
-9.002082269896851 7.303465480723848
5.749517462725516 5.083694444635725
4.681944875637191 -9.772959462463664
-12.0643872252254 -11.366464700561226
-19.008026318398123 6.434501644353865
-3.6593488679500763 20.113260352659918
14.276562071846675 11.250259507321312
11.814377642359931 -6.0954532995925295
-3.474729204535268 -6.480605477609841
-5.4065264075958845 8.915691093617339
11.025608173899556 14.394688452425136
21.8124730079103 -1.1726580541599367
9.956500599290152 -17.005484145034742
-8.657976606357561 -11.053034949234952
-8.522320088418958 7.1919310411302995
7.809700452446368 10.947811007831397
14.069879784467474 -3.829388212769935
0.12841877761972503 -12.68484225621447
-12.521301022881845 0.14910443015469088
-3.031464640408124 17.475254663153564
17.136472283960117 14.392189640487716
20.797453901310135 -4.622921599595896
5.200315677201442 -12.43348663793559
-4.3918857850325175 0.22307613791177938
6.93708953607654 11.16755290829985
21.07250823069779 0.570957434864952
14.046699717537551 -18.63591823865226
-7.6166928002161765 -19.55445759980217
-16.036329953763868 -1.320457387474935
-3.095141653838029 9.65929183004338
8.020909249442322 -0.8198951761430864
-1.8361480557351326 -13.751878988629915
-18.630565596087557 -5.931535975668417
-16.071140712889445 14.56168366690721
4.678453680654167 19.824251150501603
16.17046290837801 3.5567242971765345
5.179538244144458 -9.62579018191634
-8.084160587668887 -1.0485291282950469
-0.85899167612361 14.235911421368954
17.56002885467236 10.45084515343327
19.55483958234727 -9.622859441281742
0.7837757098891878 -18.17853600500218
-12.818388835400757 -3.6556132398080434
-3.345433456523029 12.072177821572195
12.779662143203904 6.448121202808729
9.937784516169252 -10.139076010271824
-7.847499777673276 -10.326665606024683
-12.762572666940681 8.5956091251387
4.891557157849477 19.99013169222882
21.637717007914528 7.380571318754157
15.397513616731333 -10.986865722170752
-1.9898061356385206 -9.433356793393667
-3.046741344392828 6.866824556818239
13.70051000043161 10.054554408859651
21.30518939974952 -8.018295451730067
4.986311794472189 -22.88355154808264
-15.169303516343867 -13.634396296343589
-13.633658606316256 5.939353534624155
2.9565159335930318 8.002949197884103
6.367187165072638 -7.773516108782046
-10.354618728865852 -14.099924400860615
-22.121408195567042 2.403660371485529
-9.470242859793288 20.42584302965451
11.817744291795648 15.33601110701909
13.743634418329371 -4.1794076360601355
-2.5739200682005725 -9.188525000230065
-9.183465986939991 6.220839687296801
6.226352764606406 16.37475611034913
21.46959915703009 3.0434681962388037
13.07949491868679 -16.547486845247157
-8.165713266642628 -14.964157048596661
-12.842976286293224 4.610326956746015
3.579203731757357 13.203458251866804
14.48128667472057 -0.6105029585049333
2.4999088259290225 -13.847163723979119
-14.080887733308957 -4.068243507269298
-8.70948441590971 16.320877019762392
13.266185223410826 18.08675098460429
22.018899568486567 -1.316993069283118
7.33875868862137 -13.974942109075457
-6.6228967933564675 -3.2347458975645074
1.9249838179402898 11.612976514129077
19.362073270464613 4.767988841600366
17.01544158348161 -16.704575341947855
-5.4991740704977685 -22.812912709725584
-19.062543786929943 -5.2107210770955525
-8.009601831596497 10.391176026366843
7.034746303650778 2.6804950604280156
0.6814478980787992 -13.557988285126484
-18.66419431431465 -10.09223409073334
-21.20669919115854 11.733078707758894
-0.6582275599290064 22.306708596238316
15.778578524105045 7.670340507670663
7.534315146053076 -9.735126259664574
-9.120198403221128 -4.6918104427020495
-6.070280397519274 13.165346782353582
13.961875021734405 14.192409351287257
21.218273116666293 -6.1894128434321285
3.643347196792323 -19.946194056110524
-14.574351446634688 -7.976098906078674
-8.674995575942003 11.445041770224737
10.114796415404285 10.046839509787876
11.94064848454099 -8.211962258989066
-6.450452792249016 -13.438122088341132
-16.57930561403943 4.7867210361872665
-1.064998224007066 21.114341582053427
19.824647091390624 11.937330994261277
17.92230697672626 -9.411979815008388
-1.2137413783256825 -12.611916879537329
-7.180896674126709 4.375484096633307
9.201625341225412 12.62373596914841
21.84741242467977 -3.7779017083034243
8.620642515039155 -23.14633822555291
-14.973342627471315 -18.136884622019103
-18.337450610000634 3.5297911790344383
-0.966060328819415 10.652820403996147
7.432402016809039 -4.825117958208615
-7.941098486462683 -16.079307637047286
-24.382434149754147 -2.211951631175625
-15.692381434504265 19.66994483408826
8.153247329384705 19.45635283981006
15.32605321785238 -1.1784461320215334
-0.7976246090025678 -11.370561870295008
-12.328560127321023 2.744913245921189
0.7290820927020629 17.50604067022459
20.03653617269322 7.7077247628980725
16.28648367856149 -14.913805942772104
-6.5687053741159875 -18.636559100141834
-16.687513438281766 1.0579696802214826
-1.481445416344355 14.803410696218293
14.061576037043245 3.2991187320857147
5.360463084671885 -13.98514822474084
-14.490266547003943 -8.463745428689721
-14.238914916317167 14.04200219575024
8.36833035219281 21.390109328720847
22.61835483130948 2.925275155550455
10.233407905505114 -14.631041459881017
-7.809306944421163 -7.138903729941537
-3.2629347110744122 11.022317875907643
16.605054046642216 8.989971846176395
19.763819537924494 -13.614453582584094
-2.2729868276484337 -25.409289988678104
-21.10215445143914 -9.835929791280675
-13.295538355153909 10.166261456177672
5.146152067558933 6.4870547195154264
3.4068799990407115 -12.23195588940081
-17.400481672866473 -13.998698846768633
-25.6218895619201 7.874969779986818
-6.67039222637308 23.992892695651022
14.576141210237251 12.398682166519384
10.399738986785106 -8.740549231701776
-8.851756746552908 -8.377328687951353
-10.896376508381831 11.015180201643156
9.513242051569804 17.508864088150307
22.365337686831012 -1.7965212451137182
7.429485690631641 -20.711752601349435
-14.979169401002771 -12.66673654076091
-13.85416418667096 9.703213476836352
6.5996309392839105 13.51217825498391
13.81168626657729 -5.205852800396952
-3.8190661196135816 -15.871309206905668
-19.205840301686298 0.22343855414351932
-7.237173761016366 21.16310865810211
17.12166407973151 16.699987636770935
20.617996368453454 -6.652689974919155
0.9364106115681157 -15.378651445641754
-10.395623150932188 0.9541968863454868
4.207425859707621 14.390700674779467
21.672718669187443 1.0872832154605119
12.88354418336175 -22.191408227722757
-13.213551217524763 -22.560955913415153
-22.32196871785257 0.01802825691349952
-5.500654017620889 12.727943470144664
8.084571496664736 -1.0323313559400518
-4.500665996261743 -17.06127183558134
-25.102333638338102 -7.198916843792951
-21.575668596748407 17.6922168530397
3.6909762149227543 23.30178650049475
16.729652890708323 2.8855927195194657
2.237452576688314 -12.749177918742735
-14.118450690591501 -1.373352289254377
-4.796718143676713 17.558528142812197
17.80721214650756 12.54653364848875
19.73081660719391 -12.027920754992067
-3.4130850999025677 -21.7729246777674
-19.31572643681951 -3.4070675560909156
-6.794632122536111 15.46517105452952
13.015579612391994 7.686072927764087
8.886947425487762 -12.937541707131683
-13.2179123264488 -12.760263435850309
-18.888964497820265 10.59534319041405
2.910382556141276 23.979880154081737
22.723387529595463 7.961173361401322
14.096775603187364 -14.175901302750983
-7.36469522867301 -11.259480900047787
-7.9478157725078304 9.258717799902929
13.142591058151304 12.914230881215147
22.363194951534357 -9.411157033029973
2.3297973090521538 -27.06203961954636
-21.524579827856126 -15.027024575682502
-18.343648112707864 8.770119215043788
2.5848338006716567 10.306180570533257
6.395944664377042 -9.723605942503116
-14.495836616352067 -17.35149027913541
-28.661543899551646 3.0640359988035497
-12.84354574263747 24.59528052146393
12.685798212833934 17.493048673131018
13.833655132007518 -6.507691797424579
-6.8707992616669475 -11.818617117345767
-14.699538856717407 7.764263032784973
4.6054493105 20.074054610210798
23.02430514505954 3.387643696904397
12.227531400982063 -20.256216786656722
-13.56233965425356 -17.471344173820885
-18.283700018243863 6.734430079165037
2.505262607053435 16.510543215383585
15.522503618714495 -1.196313891623388
0.190913907993969 -17.35244572509554
-20.11860510905062 -4.9068327110879775
-13.093234325185833 19.927683180269682
13.674652782173505 21.345918782461755
23.418838416602398 -2.6929118839352135
4.6650126359972415 -17.434499250424658
-12.150356384365484 -3.2957001252127824
-0.8551134313706923 15.07547041586875
20.80388096706772 6.306944379466698
17.700268103131013 -19.8994004003725
-9.616283401806985 -26.599775639280136
-25.048769184464167 -4.5845357532507975
-10.332455684369586 13.904545623334453
8.25456452943908 3.409245275143054
-0.07698635437302315 -16.84263214551587
-23.934396728849855 -12.285381249541526
-26.612044214563486 14.396256220091292
-1.3812870125855827 26.520253322951838
17.809708314034484 7.900085692347924
6.530289558114778 -13.06190985579085
-14.160271554094232 -5.924000942012548
-9.916594080059824 16.340775233498483
14.831084549780083 17.222205591390605
23.217776137896806 -7.895746051136004
1.3615697107877525 -24.06416476065256
-20.30252672691917 -8.648970704683903
-12.015860529652496 14.922994889301513
11.274950889677065 12.257522880883494
12.878419622362498 -10.609037575632325
-10.124481034353376 -16.64303672534333
-22.225374621270177 6.013784450678386
-2.876480549954089 25.525430030870446
22.15748062317619 13.558947981187616
18.740984273776142 -12.428369238903505
-5.0851993778307625 -15.308021682520442
-11.729827129194476 6.251194142704348
9.0687882494252 16.184264311014466
24.548183888602342 -4.231055261089804
8.161653530756928 -27.50847135932546
-20.0657033271951 -20.54025452897573
-22.80908649791304 6.038213598453515
-0.6833162586516117 13.788451029734492
9.337561655880084 -6.0661128274358305
-10.026668164983997 -19.84186516700168
-30.014502692425268 -2.5394671960123603
-18.916619405139727 23.854367639682554
9.945205810061317 22.630603262261676
17.50163213166563 -2.971626392416587
-3.1842219650834505 -14.693774066299333
-17.161327174724594 3.47474119443578
-0.619531711664524 21.564056513657057
22.912629941500185 9.108856672422695
17.710642045993236 -18.409140343243557
-10.254922661075085 -22.0745296565406
-21.659110355553004 2.5024404116776395
-2.149149489229763 18.68520648239973
16.7072563594352 3.652001497268407
5.300944119537984 -17.62996403163677
-19.173259526999573 -10.338960586869348
-18.372691899297703 17.260209797439003
9.369225043285871 25.504895541894612
25.896676552438752 2.3985281064216024
9.75258608376329 -18.47508018610207
-12.255987029584215 -8.18490396312078
-5.811959378998488 14.437041222899715
18.98815127243014 11.542589225039256
22.611266911497417 -16.22325299590302
-4.32377263702632 -29.9129666294341
-26.300141420944385 -10.175372711698975
-15.387347507905098 13.873168698929774
7.578626552774477 8.222659514974806
4.886014840169764 -15.271922045059487
-20.929170690159992 -17.14006668335597
-30.581394382185977 9.771227952706319
-7.110111183830041 28.747042349890773
18.10627330760814 13.664497911054397
11.672386830483742 -12.073286712733273
-12.431732457157336 -10.618045329107236
-14.453730099372471 13.732428709061885
10.92143878751325 21.35803231427124
26.215983717590706 -2.6090382141441335
7.409364695955098 -25.199632086419534
-19.560921573848862 -14.439218977224845
-17.03229622867258 12.962291329807904
8.527125242593023 16.66008325710309
16.779475439276723 -6.978628218837603
-5.464722159952343 -19.76607791279393
-24.1142076275697 0.428293511505176
-8.971647244451981 25.721995261594788
20.4875277603688 19.409632079444474
23.611647469494596 -9.263601743209657
-1.139187834728098 -18.938492941921012
-14.470889263821077 2.022430925428938
4.2801120061717395 18.441226068350502
25.7801895728451 1.7031643127132021
14.702969267828022 -26.517579082902298
-16.80380567824391 -26.05156932362265
-26.57188180287563 1.8880183483574928
-4.8845929635964955 16.55548847497017
11.630777482104303 -1.3783787773608984
-4.436935878898788 -21.163536898659494
-29.673962088083723 -8.678862530952975
-24.819232688887574 21.57319921702481
5.998990587242169 27.435032047085166
20.765206547247494 1.8550504562377297
1.8480116041726296 -16.654080104416362
-18.22545050255556 -1.6880775246874968
-6.183105556439356 21.69174286384877
21.546749075024536 15.040103606781614
23.237253791623665 -15.060848147106256
-5.317543335145874 -26.105383298658133
-23.89443804066157 -2.926937112337302
-7.487986879423428 19.68861960868841
16.787437858416293 9.090890368639563
10.914876323910534 -16.488708025213942
-16.521285276767173 -15.727368820773117
-22.989710349311224 13.10462715681332
3.9601582030385027 28.787034395031068
27.39795017775529 8.466013133760779
15.667994953307868 -18.20464620332325
-10.778404132821706 -13.426330796500565
-10.62429519046446 12.307070753626142
15.845590111531525 16.4092146093998
26.918644275288813 -11.196620906193868
2.22477725968342 -32.138145902545396
-26.068043960071165 -16.543870622799165
-20.693138265833085 12.372893121674668
5.562833638150744 13.063784603652504
9.697599547948162 -12.262664657230559
-16.408394725183836 -21.379275776276327
-33.424296561748676 3.91541834490809
-13.617292856068008 29.63723070154966
17.02182018769328 19.896495144238564
17.00642811666924 -9.590938601938731
-9.146854422410497 -15.088434815455125
-18.34424019151776 9.712960550878172
5.833346220626474 24.566533336045623
28.045014927658137 3.6526525005402712
14.140628756194772 -24.88385320294435
-17.198319446658676 -20.450580025299818
-21.800019039624175 9.451675035277733
4.409779725708251 20.501955023973782
19.87469752327174 -2.1086940237178835
0.2783458854088039 -21.767073725061767
-24.567190080109 -5.918711673452134
-15.384200354688057 24.323873030163604
17.232062587827617 25.141647118090404
27.98648271369231 -4.627810369370495
4.102035262694543 -21.758245491924722
-16.12753301304313 -3.291042253925193
-1.3263345958230293 19.355694741665012
25.46614862868642 8.088636050335591
21.262481781134063 -23.90853978673165
-11.986209316190322 -31.161927953883083
-29.556217436637702 -3.655164300984308
-10.223426343076675 18.227946969522534
12.610543729642917 4.132651167413782
1.6624440337497166 -21.03249014121828
-27.75891077527273 -14.999394550353111
-30.476617240444497 17.647147755033895
0.5264018859247148 31.498676989584645
22.911432236683602 7.872133846333468
7.712795282901993 -17.342731934994966
-17.912532352834262 -7.446682019850932
-12.06049268063911 20.238179351254633
18.480436064363467 20.796083371106732
28.081263418582363 -10.17902331704653
0.8585752689759252 -29.152888382973174
-24.929032155332226 -9.369663353321055
-13.555885625696565 19.21297469579303
15.217513786655186 14.794523157398935
16.347127680060467 -13.770974703435382
-12.411523294645846 -20.656044974195588
-26.83060150335514 7.519034226860557
-2.692956846270595 30.810096716019267
27.29313720636732 15.26422853841131
21.792749116573198 -16.359263356472695
-7.839470734295277 -18.638370612233473
-15.175868803987361 8.616694125853888
11.114874618435579 20.49694360780081
29.935794277329812 -4.945224379685219
9.51233286229003 -32.91381227917441
-24.353295988318592 -23.367136118203213
-26.156637511702893 9.22044156813989
1.836105090926086 17.535509964944268
13.666674250027558 -7.8118239687722255
-10.751481138836875 -24.586915036373206
-35.037945464686686 -2.95203756911057
-20.867073624732548 28.89466536998691
14.078193333323743 26.237499798485814
21.866804209521288 -5.489288131746318
-4.54770450411793 -18.905116704354477
-21.428432303072622 4.380016757745663
-0.4949558116892163 26.475618013591845
28.1326190954067 10.618299372375594
20.954223807122524 -22.863218987086924
-13.312733342548782 -26.26561303248368
-26.129741523841773 4.3664109642124815
-1.2413425481302407 23.373894649745225
21.54238400192512 3.84247614039718
6.616057409404779 -22.294381534186364
-23.54105129621291 -12.674217938953639
-21.932578575993162 21.170953946264785
12.11287046659793 30.334603493924266
31.222174476842262 1.44147754129818
10.276627535479033 -23.352777954741466
-16.55177620347598 -9.431946406745325
-7.626629572069316 18.65469030352459
23.210622209671214 14.547387500220891
27.214178858748515 -19.57703576037231
-5.827045845457992 -35.41755270785049
-31.531458874377837 -10.444163653341544
-16.651484023294884 18.450404566574726
11.796579922191036 10.167707078429382
7.718099774821974 -19.216944666728704
-24.321219888871447 -21.061981470511647
-35.60951749802625 12.083826402365077
-6.524804843578422 34.40282358421256
23.394899364309985 14.878306231529304
13.954469517468146 -16.42585099668785
-16.135085842715505 -13.417464057922249
-17.97872087830151 17.076294228759604
13.539126722133256 25.946559186503258
31.66360029290959 -3.830617643047811
7.947440012895407 -30.795352991995635
-24.548857416272675 -16.521528632260978
-20.113847961039426 17.015186064501627
11.71647012397953 20.364272835577204
21.040608298215503 -9.40505926275206
-7.009036295957804 -24.66375881506805
-29.579716622502282 0.6854190968263651
-10.420559659483015 31.223170874603202
25.202105143301328 22.45357488375226
27.622878369363534 -12.739742726768988
-3.449648254178123 -23.36386104520123
-19.10188993433903 3.412738172621674
4.85824293397115 23.39062156193575
31.202851607506453 2.2989260157816203
17.12804965015321 -31.914097935436985
-21.010624129014015 -30.221300867024844
-31.394577381637365 4.330992487676493
-3.6474100368957476 21.20092443373212
16.30371862540685 -2.022828570574125
-4.2302189296387755 -26.348148692118038
-35.131761771200196 -10.493982531556146
-28.49854730982232 26.2950494562473
9.113651817005719 32.25764678741479
25.76494909929964 0.26016358590675903
1.2423291634029354 -21.60495965545772
-23.314928815527587 -2.04517628041768
-7.776210028697015 26.751102600605122
26.203066724277928 17.920843960056377
27.403650410782163 -18.961437458609797
-7.863843770695318 -31.400611343860774
-29.55768787403777 -2.198955679207798
-8.229512563660263 24.868433730919136
21.430583008265934 10.606369270043217
13.199153509283983 -21.044875025170395
-20.824796436503302 -19.390741179529527
-28.12065783762295 16.206921455116056
5.213187194883062 34.53273968976401
32.914721129459394 8.791899722588479
17.155434619311947 -23.32313034164502
-15.392478067786724 -16.029686970937963
-14.15035321215109 16.142973552478477
18.966705721761016 20.63179608962939
32.13874961746428 -13.526705602797513
1.5941115632736187 -38.34411071759224
-32.02541754765352 -18.208617311612784
-23.7521528677877 16.91305366261351
9.033837569116994 16.33134267114833
13.35412874236995 -15.57452414352931
-19.265185939724635 -26.371542280322647
-39.65707298236137 5.012493372626085
-14.827553610538821 35.737003684934486
21.964515361938197 22.557434532072328
20.271527987464378 -13.632747586852187
-12.636160989589943 -19.131296196467968
-23.347123428438298 12.186654814202907
6.924595181760186 30.03044430500507
33.661932831938415 3.7947972137740242
15.760809961477662 -30.640915970668182
-22.34206927054242 -23.969805461585388
-26.57605313652147 12.936777450695566
6.3640781908928625 25.335355197773133
24.65620879771324 -3.4369513448357267
-0.34670006574276524 -27.281721573061233
-30.68931497233661 -7.092602320559206
-18.685466511598083 29.7280301522462
21.079319590200143 29.597765572334083
32.83576456476125 -7.249698490251628
2.5174327202692632 -27.102239978836824
-21.77047613846534 -3.13580872389313
-2.4864807560448714 24.68959085282287
30.557721816759553 10.185133489399478
24.809586931747017 -28.890686027838075
-15.744443127022212 -36.60601641072481
-35.72433248620979 -2.2680517556648017
-10.563001603775328 23.598703395633123
17.374386054910232 4.872212780503509
3.0081173988433108 -26.292078478112195
-33.24184434170388 -18.27046655514447
-35.823657021740544 21.70494380177776
2.319860120304126 37.46434961850831
28.42265097120031 7.55781566187511
8.210234963392217 -22.732154808829627
-23.410783747635143 -9.22324917685112
-15.378129314375968 25.118121332172194
22.303405118936354 25.096923731328335
33.20751991628868 -13.117623442707991
-0.7054717300905933 -35.34089674523747
-31.388435884139426 -10.026588178971927
-16.00668398877247 24.60074151940265
19.46971745143273 17.794123661310152
19.803600228276622 -17.80645813664935
-16.094330207587525 -25.55394710267258
-33.19037746698582 9.491585395776033
-3.038007801201288 37.26232320593235
32.89556724287194 17.136134533751274
24.60240136571442 -21.329858753231207
-12.169280037760085 -22.618625829705827
-20.140490696509417 11.721547511899805
13.013003430207334 25.835704232468167
35.80033468767796 -5.898605379083602
10.267314672899147 -39.48905714272162
-30.4144869393019 -26.56304308144766
-30.806036262576022 13.373726871389072
4.4600663592272145 22.134692026308695
18.326978682512838 -10.08926889074986
-12.436642691312166 -30.41451607233757
-41.87967358930948 -3.3137694263187054
-23.745485328486076 35.121605020392764
18.61926662468902 30.471644521339748
26.44799342396935 -8.798060711188231
-7.100400126367097 -24.06362080024082
-27.36950254799774 5.668765453650241
-0.859530134393756 32.57575790679491
33.95184006898437 12.367851449480906
24.155123105215424 -28.371934949501885
-17.829185028679394 -31.21394434494875
-32.12848064395235 6.922401830311122
-0.4789527836601044 29.19129151546915
26.996596509990667 3.9428647985456857
7.557392020058737 -28.07685402849568
-29.525327197893183 -15.399800083014604
-26.705551760362656 26.102378923324594
15.127138331866746 36.1704634162388
37.1943058599555 0.06951900100382247
10.184544387801381 -29.348525855153323
-22.44014571663591 -10.737025333360918
-10.231078292649698 24.032489826627867
28.040305290069867 18.24104992174785
32.3258230262152 -23.71367299173224
-8.270200272504301 -41.97632949683205
-38.329495253637845 -10.426323846522463
-18.342622525542744 24.266280825135592
16.79203220630267 12.499297165244316
10.801086586687818 -24.13548235225989
-28.91015227442805 -25.761113324995122
-41.997358985263546 15.100856667754218
-5.887622684314756 41.32084029558442
29.650406324617123 16.152794573488087
16.291511093759517 -21.881571937855288
-21.114700248407956 -16.708181370780977
-22.495262123163734 21.385939911421417
16.670451722284504 31.598012278014416
38.11134493683338 -5.418283536681622
8.231448824218507 -37.58052963408709
-30.89820794488126 -18.77553484868858
-23.84514958291618 22.236132438719626
15.734090092065419 24.898406933718263
26.173970202720938 -12.496593575070774
-9.114326451345038 -30.615503204507576
-36.330936246090246 1.2115816379960402
-12.036274750616721 38.058627925434855
31.085385945694203 26.04351963162762
32.39867142932758 -17.135260897285217
-6.49013599161567 -28.661612799102514
-24.76461517481312 5.407578731184463
5.784821479916583 29.617485413419274
37.99004706481649 3.0100091576488097
20.056969494242967 -38.46434070060612
-26.153090968446975 -35.019365229116175
-37.000948075736204 7.684649934247972
-1.662463536257583 27.011804616750045
22.35629669389655 -2.899696925944248
-3.836552378098453 -32.69846791212896
-41.59600386614586 -12.518692994871447
-32.53919430253946 32.23852411467106
13.438950597907631 38.06875320953208
32.16984191557642 -1.897121219546328
0.6163062187905188 -27.66773954932732
-29.284278478055683 -2.2480762087650827
-9.208688072600395 33.13067014962436
32.43435107334881 21.41643155202251
32.832296483250005 -23.784993805181628
-10.705784403313608 -37.68983230456065
-35.9680753610233 -0.9591574830682652
-8.36620132630867 31.39197819307921
27.828035181337068 12.385855902940925
16.484887887649943 -26.693013883901486
-25.619179136732843 -23.722413110937474
-33.688178786568876 20.228843853359116
7.605867217892597 41.57732761890068
40.360746130233714 9.01542542472852
19.44098734333433 -29.632267394562742
-20.51625454827115 -18.97699926615874
-17.66368824098266 21.131127649193434
23.706435318084054 25.88605274470555
39.28062822645631 -16.403156915208807
1.4428148896580544 -45.77599140719833
-38.516422543947236 -19.859339018640583
-26.392151288442808 22.77520719038635
14.433388103600619 20.34564939323283
18.76340944890177 -19.719840604838133
-21.9372330582016 -32.38964177350694
-46.26974975314519 6.591500970835784
-15.076178361811099 43.279539327050934
29.162512036530877 25.635211588447348
25.150741506200095 -18.73797984372387
-16.075711903800567 -23.960809906296532
-28.392634431778937 15.479098333183238
9.534166050770086 36.8183286234471
41.699521428625246 3.8844106426815386
18.708240841749063 -37.660219174253
-27.595160765542495 -27.9829123233004
-31.069573524660733 17.527193288150407
10.254160280183903 31.31312703471382
31.830043818126427 -5.189466233623013
0.021667857248337974 -34.02595899961414
-36.93592051442128 -8.308091003006712
-21.21979343920314 36.50568525498782
27.31340115160333 34.949622505370705
40.04231869632664 -10.636958409002442
1.7020310264028797 -33.574654219958035
-27.364118913860228 -2.642308522615615
-2.3287869278780473 31.438611894056198
38.34984478304062 12.744006698175331
30.493868846125512 -34.983306891197465
-19.023276480534285 -43.00084800311344
-41.669123669759244 -0.1744295076376865
-9.134894216254912 30.353531189863194
24.950637184655285 5.688519363421943
6.1635818638543505 -32.78855431250928
-38.431155494830094 -22.104223684962268
-40.5878343537155 26.87142356773706
6.410319365306139 44.70845352821563
36.85020918579238 6.931653145978812
10.265487815288896 -29.40716597955407
-28.60628387319281 -11.193169337391971
-17.620809670134438 31.30730641716157
28.874221574684334 30.34171130137627
41.16241817981068 -16.820839647883023
-1.067348456014325 -42.7946503915716
-37.53358802489565 -10.490971005801361
-16.949499694959957 31.41729659994839
26.728158143778334 21.390082211682234
25.836153220948376 -22.885245857930254
-18.892647726654676 -31.462520185751075
-39.0456286106912 12.129804905952641
-1.3304519715576633 45.19576423098739
41.75123088788253 19.21750012812359
29.757827508321373 -27.552497582677653
-15.771540333936365 -27.32181445155414
-24.24505499535306 15.813324341584133
17.48247626097995 32.463644690750215
44.97138637792692 -7.146821925392089
12.983858133497241 -47.469374283241265
-35.92591292241104 -30.137240436627962
-34.26583649840994 18.77859369917534
10.00993579512234 27.782200249857844
26.147042983431774 -13.03740964656792
-12.570577108414446 -37.54895401422133
-48.184071822911925 -3.5578732727942155
-24.947091726724068 42.83034822168319
26.462673329411665 35.44709144793904
34.04172539885787 -13.107636628596001
-8.37902160380498 -30.36402583526534
-32.58553418751061 7.473240522843894
0.9905338587064998 40.13992614799422
43.292063069543026 14.371340877959232
30.037939230043 -35.20091282128954
-21.3988472016372 -37.06696884187251
-37.214836991965505 10.35858409903134
2.9122863921483324 36.37176042801979
35.971473393445024 3.8713072709260397
10.750460478113807 -35.266288501398016
-34.771855772748104 -18.593641363553527
-30.202292400428835 32.286798088268576
21.234137727810097 43.1849014851891
46.65826468894168 -1.8901933248744012
11.990083102744437 -36.75262040154031
-27.60708643692643 -12.108186324557918
-11.091260178780601 30.815856127197236
36.30746169104542 22.70720949797728
40.68814774296655 -28.88986055173301
-9.269811589893875 -49.85864263749539
-44.42005556341466 -10.06019643353923
-17.900991010677792 31.557389578953277
25.357145141527972 15.206755665029789
16.736450635810364 -30.33985209318613
-32.44393392083804 -31.45515754593508
-47.49794325988767 18.951757551844068
-2.6258330067758964 49.706064436526574
39.59044760022141 17.378705828307623
21.122629268850694 -28.787178658094128
-25.241923587797736 -20.64564709330552
-25.778070983416335 26.834357997139396
22.87130731537279 38.45236727404378
48.15283576513913 -7.583243297659845
10.510064224543655 -45.91373051701512
-36.60417475624866 -21.285475667855838
-26.03188559317091 28.822425838426483
23.07855848382615 30.322569931913606
34.60462212663167 -16.546677952938378
-9.733520361332449 -37.95641465145999
-42.472664196740226 2.0028242238581777
-11.657554237252157 46.42884267656151
40.54611653772146 30.14649601239953
40.16580525532835 -22.809188305994017
-8.4134394350175 -35.12458219194259
-29.66106251219889 8.069050040494236
9.1704622321887 37.289757847997215
48.41308079353487 3.6961811088582284
25.48138031827125 -46.573568313073636
-30.58835568934788 -40.678607900547235
-41.69084794937353 12.064830737890187
3.09952433638502 34.102760966397874
31.875179160402485 -4.2469039929927135
-1.5207685850233386 -40.629586061968695
-47.615334031615205 -14.905216167625735
-35.33009080770135 39.558163756412306
20.89908725529177 44.90972978465746
41.848219975435754 -4.9433291470183445
1.4428441651523287 -35.24374431685976
-34.85720124713758 -2.3712454896371984
-8.962305863029115 40.989586155720744
42.01923412122822 25.47020936464245
41.13023153091217 -29.9349137537557
-12.643735874220221 -45.33738640248002
-42.01901327406566 0.7921881624726472
-6.491364721093337 39.3993966266304
37.56758417889864 14.272593291259764
22.086923376222614 -33.88093048110589
-29.970496796065277 -29.019693315808997
-38.73811171877763 25.238340170167753
12.421119436408379 50.01810217879269
51.099083991603166 8.879212546428178
23.53310494379302 -37.59997377735438
-25.46518736408182 -22.489941818764883
-20.353601246672575 27.379777483873767
31.19462084013697 32.19390643498934
49.43714421226179 -20.182213130879184
2.453965218241293 -54.89616188980505
-45.09793520945107 -21.635063392250636
-27.95163776311284 30.086431440421915
22.700041371389123 25.04113436609139
26.710680943029573 -25.128510444258367
-24.066750637848155 -39.85345387744931
-53.03750356543105 8.601858142695948
-13.849197376981607 52.38741660281086
39.33434792284629 28.966520853238706
32.10085918894651 -25.389397626786113
-19.419827128884478 -29.936151887811548
-33.45433859513269 19.60965248892313
14.013903982182075 45.01120138553325
52.61329898954973 3.6501535859401537
23.0845357319941 -46.45427419527756
-33.217138899252845 -32.772078421470496
-35.44643607940473 23.296173511371634
16.24252337026636 38.454303850878695
41.54833490733932 -7.7313353931460895
1.120614942478256 -42.50299162556943
-43.84729870399069 -9.7526185506457
-23.330259833324433 44.76512221913284
35.8878697099119 41.13544959074741
49.429645449242486 -15.234947420449947
1.0354446596201399 -41.64468991662782
-33.70262066757632 -1.9098611765464413
-1.3722767090455577 39.70934460550959
48.55134366088508 15.600994774816959
37.77729842125745 -42.69511364441723
-22.798236806623105 -50.757598673084644
-48.423189581540896 2.607742920442865
-6.647257606889247 38.57304682489048
34.76515868866698 6.317386804420897
10.211232359706893 -41.056883673051644
-44.6353288867844 -26.824689972908253
-46.01296560854852 33.19998300125412
11.894274639165921 53.261447664651286
47.31186630381866 5.633294770544538
12.581191843297036 -37.90204523655422
-35.11040044917012 -13.587681372860501
-20.22636566544623 38.89838340182628
37.070333649047754 36.479093426085534
50.71997503820612 -21.738654808868997
-1.9085401286152495 -52.02029581035391
-45.25782985969816 -10.897698910114482
-18.014402914358016 39.77010028103973
35.619774464944506 25.439658665858058
32.849686058327855 -29.516996518019983
-22.856295397581555 -38.82263211535964
-46.53619454053381 15.396452947003553
0.6161473370346666 54.70688605511448
52.21558032473737 21.26705300626628
35.28728654091171 -35.57194331191123
-21.035965138236396 -33.106748202339354
-29.845439268144066 20.9293639545166
22.51781131519851 40.42851614670174
55.498644199152366 -9.035208186852165
15.301390369631184 -57.407613706473725
-43.59517558294514 -34.35185496970672
-39.0919179850075 25.52754789388178
16.268234222150028 34.45813313634907
34.841786673312804 -17.085806297087196
-13.895355395470443 -46.509534459727035
-56.93686626834066 -3.8353388925876546
-27.203207556137187 52.14614152742185
35.16730142673582 41.059284227958074
42.015786108924445 -18.913819465458864
-11.48350733314308 -38.267203775785354
-40.3000115526727 9.74222278598566
2.157558054962135 49.28645821282674
53.46077870461222 16.420903646018655
35.60421014578067 -43.89095937930492
-27.460695663302747 -44.20393445238557
-44.822554111496814 14.712168000206093
5.862551846025788 45.00124709295006
45.49448912986177 3.323426276694962
12.828060992489933 -44.40794187196747
-43.020045677097215 -22.526788851352272
-36.028671832308085 39.83486541449686
27.19289138908097 51.40692133839061
56.34710396028024 -4.830539801808742
11.973109531544143 -46.08592488695309
-36.047506020935955 -13.706466168227188
-13.959146411181239 39.15265143508175
44.583078537763654 27.888018294683945
48.71598041951606 -35.57511222968058
-12.886853397985789 -59.531943686630015
-54.018703495354735 -9.396871727560637
-19.21457251767361 40.48207861078558
33.85175061997849 18.13946202318874
21.609714148253893 -38.34107083839021
-39.29111700539554 -38.52125089357908
-56.49879491086136 23.691889052759436
-0.7467757710757148 59.699531370039786
49.352118311334806 18.309127126867814
24.211753618011702 -37.66727700653024
-33.148076584828026 -25.502523758617237
-32.34541338984542 33.55490024487552
28.013090287417427 46.59486396361342
57.67795296808855 -10.669778665357427
10.228971123731887 -56.30354922961445
-46.52376041370252 -24.20833434207676
-31.297910710507313 36.96155773569124
29.48660000061223 36.648381409206465
41.95772309987318 -21.972271835086524
-13.715407258586236 -47.136421158758154
-53.03379789978773 3.027455186360545
-13.981510419811393 56.5488868733493
49.18156174601772 34.685427928955086
46.2847454969243 -30.229025006858436
-14.323437827959832 -43.119939299350236
-38.940093697532575 11.47400850631218
10.259688374471187 46.607977242328204
57.908961249776056 4.176925621270527
28.49117132201322 -56.73406131319813
-39.64129656788988 -47.461489835355884
-50.69546422520939 17.641111275601496
5.8246817240525655 42.63411208388002
40.117415424493856 -6.3364343065531985
-2.450957642746074 -50.61458391670073
-58.681917299369715 -17.787844919909872
-42.137702696938305 48.49630026129991
26.628444345566187 52.87641487048249
49.872746539624195 -9.22943690162918
-1.6732683687265002 -44.756992880390165
-45.63536564259947 -2.424033435232417
-12.306528024774618 50.602073586477566
50.02826452298059 30.08534673148477
47.172320461012276 -37.82465925924657
-19.273475617860303 -54.6893133498104
-53.37604888611595 3.165365093472343
-7.862551940292279 49.16709945751906
45.638364605800305 16.17447602210966
24.683107635218896 -43.04533796070771
-39.62758406275889 -35.51571924500133
-48.94222625189144 31.455813033142576
14.433650844670769 60.10372757944785
60.031897171025875 8.196071087514875
23.93242495622013 -47.65561381759768
-36.08398418880802 -26.678217797210955
-27.85082974150925 35.185408754067375
36.238580024297534 39.737852513912856
57.40552017683798 -25.142046740700145
-1.0333422986314378 -66.09460052822176
-57.6624731953957 -23.51461949792487
-33.99058606961099 39.19153337898174
28.663190931686927 30.5186121871214
31.879299711261602 -32.13949637086946
-31.439183959769206 -49.0702659466224
-65.83705154417518 11.199944875301941
-16.60017272955877 63.42346570347497
47.32991769245651 32.55804162888764
35.700706810417046 -33.96065981425735
-28.527105145238355 -37.259786281493014
-44.3344716309198 24.846811255223106
15.03249999130216 54.94521161483817
61.2557685568828 2.9936355852838648
23.36748669980127 -57.40226774212795
-45.09522810565001 -38.41603199424894
-45.392422240018064 30.602771466734794
19.120225765431407 47.042120860215164
48.650599931870616 -11.24933862758587
-2.650296172050077 -53.05153248545513
-57.276457985925376 -11.362495769593352
-30.53691311533212 54.93029841259071
41.72232605677732 48.361795582382534
55.82451997587377 -21.301975954393324
-5.120644972974198 -51.58059689001093
-46.54071990909695 -0.7413768505190269
-4.939587077779983 49.94553089331809
56.19711688088658 18.8605407052528
41.465727672846214 -52.33433850059314
-32.71009343610953 -60.045567985033536
-61.59308131358577 6.3983851775641085
-8.211980601041644 48.689107079195765
41.9507553105084 6.763093744875876
9.943817427932483 -51.41160925891144
-57.44137577273633 -32.46978069680993
-57.49720361557873 41.1177702094231
13.888502881750346 63.51200458647425
55.033662677405545 3.571309985405886
9.96387113197806 -48.504965731796815
-48.392880401000625 -16.30760294505598
-28.33808670227468 48.38557565798051
42.23344851268625 43.816357773230024
57.182471004964256 -28.049261747378342
-8.386584596661672 -63.24661643342938
-59.86162214321385 -11.008467413838877
-24.0630784566384 50.18805989479407
41.69664785825434 30.155452731250143
36.216129084488635 -37.931697464400884
-33.063461537474126 -47.76131831800184
-60.727784949366935 19.666710104368434
-1.7474644104108794 66.32511931667048
60.045497718092975 23.393240764698042
36.644328455425125 -45.64026144364807
-32.90538529110897 -39.97947078858274
-41.715449432666894 27.552018555371216
23.891003319110773 50.21390542957718
63.32197002277737 -11.565509502087625
12.761506582589623 -69.54516841904797
-58.18204433416776 -39.07634259331854
-49.72776464564666 34.1833482924977
19.32123017067187 42.574875384986115
40.516440191160484 -22.32393369557424
-20.754423974145986 -57.47901609372814
-72.64988432438649 -3.8655155451480923
-34.58302693758553 63.681250687277405
41.13265349675112 47.627130777513045
46.63980157856023 -26.372315842399093
-20.59880890574871 -47.868063982357796
-54.71393742877754 12.890713901889551
-1.0299881552155181 60.62772781373649
61.14950479568297 18.719598455604434
37.278734141142365 -54.63798204034668
-40.0039437690782 -52.60545978642521
-58.79578820060549 20.51543422428947
5.101582293030965 55.658408339421214
52.52477128459554 2.3928551981948103
10.37807820279411 -55.690964770027364
-58.00640093799916 -27.037185565149457
-47.618071299628696 49.37372683029839
30.141502213011805 61.34919842433921
63.47642953436749 -8.75825018904845
6.911261006316412 -57.49664398596408
-51.18365398947052 -15.22694620602035
-21.82044166815647 49.71901742150352
50.39789590386377 34.19353683723645
53.85856588046876 -43.861799777728464
-22.13224062143623 -71.06952615939088
-70.18537064506202 -7.991924709394623
-24.80567750908227 51.729594329858934
40.17372841131053 21.595402735257977
23.093458302531378 -48.27664248974431
-52.20789822352984 -46.916614399732794
-71.63773720931371 29.896346303444457
-2.2907649903324865 71.96654049365871
57.184585994842934 19.124528603697186
23.46359835596757 -48.67129569832517
-47.28070279926624 -31.104597625525813
-44.36502154651392 42.21653909581715
30.53199050932877 56.61925377309217
65.25515233656014 -14.615912745196246
5.528176677772283 -68.87604834761633
-62.75230934145888 -27.227712131626895
-41.31410083029401 47.38374489669031
33.84936589681166 44.37377300525981
47.09485044874204 -28.801876630645673
-22.660481213716825 -58.20957463237816
-69.69856616136862 4.7511595595996905
-20.151900808119162 69.17403435247414
56.32213992935996 40.04238614564265
49.90143513370333 -39.487473436877
-25.52144036679644 -52.601968610363734
-53.821161348688 16.214696517333397
8.442993061612627 58.29987444453357
66.21150233382598 4.70065432339441
28.50044897972684 -69.07162274353672
-54.281558080757904 -55.19820563491302
-64.73472169389065 25.10928664782153
6.424765757482671 53.27174247907339
47.18325655986736 -9.041033144258872
-6.941987657497126 -62.76166374269786
-75.38205558721485 -20.8485654591019
-53.1414960172027 59.82359307797232
31.050334229494908 62.54097452529639
56.68767993557376 -14.734866725214554
-8.754345819931741 -56.26288995953783
-61.76822202211284 -1.9463914772658004
-18.859578644281033 62.76216784581657
57.36292757649628 35.705909917943394
51.71336154843373 -47.51997723707242
-30.308841825769647 -65.7146184303417
-69.71420589637565 6.7525348054887715
-11.53876158596662 61.47306652695905
53.37793144065629 18.40223009150098
25.31971915699851 -54.292806667719866
-53.9585282342283 -43.054493258726474
-63.453931859980806 39.58939410653651
15.143398841758389 72.55677404783351
68.90124225916126 7.142772657061931
21.977315128329188 -59.91003442024782
-51.34903982966631 -31.249933728685978
-38.754988823153674 45.32866203883186
40.871512982944935 49.137834366732896
65.28561548433844 -31.23431558232712
-7.393084029435589 -79.44825708085082
-74.76062749703156 -25.064189409000996
-42.545332685299755 50.90637183794452
34.84865453294934 37.27422681623819
36.688873236002124 -40.79801046097003
-42.122898492978464 -60.03372093807198
-82.74483097129286 14.962245199981325
-20.790307861769122 77.19840735892207
56.13379906512325 36.765795951942096
38.67043080578209 -44.55908161536044
-41.12780840811826 -45.816492675712254
-58.59533188761886 31.879580297147694
15.690476775660187 67.37076808859372
71.01664344237194 2.118189722091798
22.551924136569156 -70.63803069452784
-60.59756943892419 -44.66986833507149
-57.936896323824655 40.2189255730212
22.515728273076135 57.73234308025319
56.879143669473976 -15.674000220582236
-8.026709634246044 -65.77840009243313
-74.1871758629898 -12.744493682617343
-39.3130454374346 67.82107491923466
48.942746262469115 57.15932059904697
63.28537227326452 -28.881920148399793
-13.218883647437206 -63.42639259479401
-62.39637087774426 1.3919126936603852
-8.947436776658558 62.95896678709978
65.85674035964308 22.897958570473463
45.88783211295531 -64.03111132822622
-44.9205431363119 -70.81259997668275
-77.22700204638699 11.845861984345861
-9.211831634072757 61.46427809129787
51.46047100187371 7.246626324278864
9.931783620349567 -64.01777209448255
-72.69019251696807 -38.855192347989544
-70.58672694876864 51.36982044282575
17.52325504060447 76.13337472715052
65.3044356922515 0.8178667468999024
7.218043620181244 -61.37610567315774
-63.937106821485045 -19.030829461025654
-36.98573356892687 60.56054451811002
49.95978774203311 52.89155996340085
66.1131091342436 -35.816952226308395
-15.475161779187536 -76.58889565747619
-76.44769709570113 -10.363280713850674
-29.618672646362327 63.467464505946275
50.96024579554033 35.92292895936058
41.72308185652614 -48.28849214122429
-44.254924808692195 -58.29999594054563
-76.30654648495546 25.532019827089815
-2.4462343971996763 80.80745669809097
71.59511922055606 25.817471244062503
39.81150619033969 -57.97461096984351
-45.86292662274329 -47.84471109379605
-54.099839841744924 36.36690572781448
28.040395376321595 62.481462812874724
75.07735063913412 -14.685889246927118
11.507309608345853 -84.11647617435922
-73.89623528756292 -44.08130691488704
-59.97433797989589 45.490723556118596
26.016478902717402 52.666573097314135
50.02268695442332 -28.842629445147576
-26.855224114252433 -70.65241402337014
-89.22565683584483 -3.271720319292621
-40.437808873136646 78.19924555600466
51.566064279931744 55.52997306883368
54.933512400820426 -35.68929208339107
-29.275052303403584 -59.2863913541815
-69.3920741901743 17.422724572628933
-1.4924127918544015 74.886264436482
73.85317457683647 21.46682553986992
42.19405849055277 -67.72985438031303
-52.4192478217314 -62.28429478861359
-72.35031363303915 28.376924806793596
8.097943188516854 68.98229241695851
64.76915162303911 1.1068929665727398
10.610845116285997 -69.42840989551217
-72.9379378055708 -31.99849917291235
-57.819142290821375 61.58647895286706
37.8972952768997 73.52754873829153
75.90403738900595 -13.805576939887159
4.079625717876558 -71.2802613354682
-66.00960207948683 -16.40422479486484
-27.15874132383628 63.21689726296947
61.85207700780237 41.97382389355266
64.05239313821077 -54.02110074154899
-29.68250772044196 -84.70718971082091
-85.6864114016371 -5.446397941362153
-26.81937369919298 65.97570043486027
52.62928510760095 25.74752081029927
29.146094052148193 -60.507163622085734
-63.81367228353966 -56.76888787922543
-85.42649875573605 38.08430634582551
0.9106271521308766 87.11070137001997
71.53391544938188 19.815701436022522
26.82454706020108 -62.20688301129421
-60.180362558774284 -37.452120684989325
-54.08075443328218 53.41409971079146
38.857686686657395 69.00103029521897
79.38786491338526 -19.610853030399692
4.30471103966944 -84.04091199832779
-77.73976982727665 -30.203843894112183
-48.06698926922529 60.71860038015913
44.78773775147282 53.816848262296176
58.50256698372125 -37.36961564581009
-28.73288549111001 -71.52890181301555
-84.79719398668628 7.460262742797041
-21.90584065284007 84.92348973628408
70.7161467959103 46.35516410027793
59.43249189540538 -51.0289758411069
-34.22537259039445 -63.8318427766972
-66.49113363347251 22.696787337786045
12.198793300087658 72.91196566533614
82.11165460900322 5.20678538289723
33.79783021421328 -84.10003927408798
-66.7787479744037 -64.02789196283278
-75.84884768415405 34.96548004116731
13.537632582753226 66.44785725825027
61.82209805094979 -12.603046709523836
-6.8673168492445384 -77.59177754409795
-90.01220033353302 -24.076602491586705
-60.22549435234343 74.09031653787353
42.909263093455095 74.18362048750005
70.93457227159088 -21.863097951959677
-11.846521550335654 -70.24437946655092
-75.5508229958013 -0.7842031759315811
-20.361999373126018 78.0132163897102
72.79652600562612 42.42194966784729
63.21195900339576 -59.556621971333286
-37.9817900480586 -78.8154839182954
-83.31488405739833 11.838790934890078
-9.154633281594247 76.80583257013544
69.50250144397577 20.851054507716533
32.216550936180866 -68.23451358839932
-65.36800849828973 -51.9110018685693
-74.51773608159829 50.034181371109455
22.98567793367289 87.76375644203291
86.29364911445683 5.422058598647277
25.617938056075275 -75.00217445047963
-63.81266627082706 -36.33803089338726
-45.266459151817095 58.26321400059487
53.53558140466959 60.62432506255321
81.44816534390029 -38.937361157069745
-8.97679472167079 -95.5743645912853
-89.07761696762213 -26.266925444441842
-45.78916224940514 65.69780947434506
49.62718083963087 45.35823529683597
49.22116805692664 -51.71890229371701
-48.77490747849179 -73.27884668126524
-96.54712913749685 20.055160906556797
-18.580271815168743 94.14333927006574
73.97585131364639 41.442888061044066
48.753919876624884 -57.893919295070404
-50.168826214262126 -56.025605394775965
-69.10032025736298 40.98878562258933
23.798212057592156 82.61919514154299
89.89643403938635 0.669454947197381
27.99230453890476 -86.91774848742202
-72.95091986950712 -51.81046041499648
-66.01830808093176 52.50403382121284
34.14763291232991 70.71619822168077
73.92107233515378 -21.541585636511215
-8.068097149842224 -81.4201619806377
-88.05347305511447 -14.010949808315416
-42.66491321376577 83.83259743723785
65.11778082513665 67.54458238956857
79.12287969336994 -38.66378672019434
-16.732591472649037 -77.8522733880212
-74.9568904281197 4.528433560952513
-6.486738430354309 79.11511276948644
84.86713717696058 27.523208097810254
57.90911616633257 -78.58922769345035
-53.318162237000536 -83.6194784954368
-89.20862736648627 19.120328858798164
-2.863547539601411 77.1853099642446
70.31365342128304 7.37528079625513
16.550394893572157 -79.72928519115065
-84.65940142066046 -46.38852215775378
-79.33441714732538 64.22957723934013
29.417297918419884 91.28662050387321
84.75668009628815 -3.2114780596802994
10.210949131230782 -77.36715955093727
-76.37286426245535 -22.00266178429975
-40.3827721067305 75.74148697677884
66.63794635911643 63.688802126702704
83.67740766819027 -45.79729520554494
-17.832683755674275 -92.84432358715932
-89.97286109936427 -9.044101400342916
-29.071931876987477 79.9209787652113
69.49052117863954 42.530645566465296
55.00599676131086 -61.46055856220635
-51.60234537685925 -71.1209209354592
-88.51524658580556 33.06535298333222
3.93714854121749 98.40865926092603
92.56846459884142 28.122716636011546
49.85810370629599 -73.51647150351987
-55.562179658863435 -57.239239141316844
-62.49687839201293 47.55866407334168
40.14883005691825 77.36378141219637
96.00913729907592 -19.019985103856648
16.0057309102332 -102.07727168193296
-86.8478045324678 -49.73526426300593
-65.57794845361282 59.70382791076214
41.24044075925593 64.70659024444976
68.07055418157469 -37.436282517156705
-28.33894324416695 -86.92915614479544
-103.18274540920594 -2.2386624416176355
-40.75002168738886 95.97507637954112
71.00228010916828 64.55194600983872
71.02232706155087 -47.79189527416711
-34.24204234572807 -73.31834049267734
-81.21476881664543 23.3151018605334
4.537425969628856 92.2882197043626
95.6772604063309 24.232414127617776
53.8374925746016 -84.18029431074496
-62.007049211278 -73.89218081312048
-82.70064480931241 38.40782472813192
18.32978895206945 85.1001561193973
85.82563767044883 -1.1662327906277656
16.34922421054497 -86.64946363970407
-85.64006168662192 -37.87910256636973
-64.14447183895896 76.68185346338595
53.61378562304676 87.92429273795372
96.66178363030339 -20.78600532169968
5.639067155375769 -88.42546835132653
-78.82147671143593 -17.52119193568697
-27.76989115180752 79.88731511920632
81.71234073924374 51.01940889844615
81.69658653581824 -67.01748296674647
-34.034871740246516 -101.33864937651104
-99.24759799728446 -1.8638120227505226
-23.345825609049427 83.43974067698653
73.52656198569021 30.183438728511142
41.4890240436287 -76.08512558648492
-73.22810771572064 -68.81741366177684
-96.96474685500556 48.31457809794634
10.463725371262534 105.2749498351637
94.19183481632395 19.765324390102542
35.32278603411859 -79.3586775192089
-71.53583649808512 -45.10425291024906
-60.9243596200802 67.31643482974818
54.25491386404174 83.74271208116755
101.27929320463132 -26.468534523551213
6.879545304047191 -102.85606029975591
-91.69813454774449 -33.49930837991221
-51.30371951830725 77.19559446239259
63.1686381921028 64.80618563437446
76.73637938470917 -48.64039272020968
-32.3004264364666 -88.05314629730866
-98.99800194817344 10.995763986909314
-19.286381457386007 104.03249293186946
92.78454364079619 53.25375551959974
74.7536123134729 -65.92286777290025
-41.448409487861014 -77.62353028010403
-78.01238660507566 30.933237608711266
21.179399832521774 90.61251914244998
105.51569710422855 5.110020011024876
43.5464340262983 -102.9385920007627
-78.74985325482257 -74.58150957136694
-85.45316570539363 47.35922611012441
26.478398248143368 82.21424466257555
83.36025857097358 -17.800159596013394
-3.778494106005464 -96.19700846670992
-104.72410705025871 -27.886969279836222
-65.11013816899418 91.53750469057637
61.154331312005816 87.6958557450877
91.31702143462365 -31.554916917030074
-13.188401074011658 -87.70824335581806
-89.59507684448984 0.8567623978935188
-18.81610908644786 96.61546984877556
94.85701138384829 49.92280080186712
79.70058712573886 -74.9983750040407
-45.18891040173375 -94.85914504137718
-97.19150804741716 18.41222069118512
-2.998469752532758 95.38684283247869
92.05658392250423 23.004627074804635
42.71156384437036 -85.98616562806441
